perception_node: # Name of Node
  ros__parameters:
    left_camera_topic : '/left_camera_node/images' # TODO - Replace and sync with util::Topics
    cone_detections_topic : 'perception/cone_detections'
    baseline : 10.0
    update_rate : 33.0 #[ms]
    detection_method : "deep"
    distortion_left : [-0.26170828446607286, 0.109830602711457, -0.0009754103281966483, 0.0015736897048436397, -0.027459437237028456]
    distortion_right : [-0.26170828446607286, 0.109830602711457, -0.0009754103281966483, 0.0015736897048436397, -0.027459437237028456]
    intrinsics_left : [1713.4816, 0.0, 712.7942, 0.0, 1710.5325, 517.4372, 0.0, 0.0, 1.0]
    intrinsics_right : [1549.9374, 0.0, 850.7587, 0.0, 1517.6234, 509.1806, 0.0, 0.0, 1.0]
    rotation : [0.9948, -0.0030, -0.1020, 0.0040, 0.9999, 0.0094, 0.1020, -0.0097, 0.9947]
    translation : [-516.6818, 29.1172, -386.7437]
    rectify_left : [0.999933395, 0.000876606484, 0.0115081202, -0.000858846762, 0.999998433, -0.00154808535, -0.0115094592, 0.00153809852, 0.999932581]
    rectify_right : [0.99986953, -0.00121598, 0.01610718, 0.00119112, 0.99999809, 0.00155276, -0.01610904, -0.00153337, 0.99986907]
    save_pic : "False"
    confidence : 0.40


    #shopping cart
    #intrinsics_left : [1154.0316, 0.0, 735.5679, 0.0, 1149.3709, 556.7507, 0.0, 0.0, 1.0]
    #intrinsics_right : [1152.2591, 0.0, 738.7035, 0.0, 1147.0141, 560.6309, 0.0, 0.0, 1.0]
    #rotation : [1.0, 0.002, -0.0046, -0.0021, 1.0, -0.0031, 0.0046, 0.0031, 1.0]
    #translation : [-352.5918, 0.4288, -5.68]

    #on car rectify:
    #rectify_left : [0.85645177, -0.05329929, 0.51346816, 0.05183408, 0.99850776, 0.01718969, -0.51361814, 0.01189301, 0.85793646]
    #rectify_right : [0.79975706, -0.04506969, 0.59862957, 0.04680415, 0.99882373, 0.01267014, -0.59849646, 0.01788531, 0.80092578]